1.03582 -0.812855 -0.128565
2.15672 -0.946391 -0.146579
3.24691 -1.14107 -0.187922
4.38756 -1.30106 -0.0691346
5.51964 -1.31945 -0.0655024
6.62474 -1.37576 -0.0799778
7.82231 -1.45691 -0.0660855
9.05554 -1.49459 -0.050582
10.2096 -1.57216 -0.0815239
11.4126 -1.66249 -0.105412
12.5654 -1.80408 -0.153223
13.5617 -1.94549 -0.180282
14.5806 -2.10311 -0.198801
15.5804 -2.30975 -0.223325
16.6301 -2.53041 -0.262039
17.7444 -2.8348 -0.279138
18.8257 -3.06277 -0.299358
19.9077 -3.41118 -0.337243
21.0145 -3.94517 -0.434189
22.0764 -4.4573 -0.269952
23.0997 -4.33436 0.432744
24.0332 -3.50612 0.581676
25.2203 -3.27818 -0.17254
26.1567 -3.71596 -0.772957
26.763 -4.72238 -1.08637
27.4693 -5.77005 -0.959687
28.2236 -6.79113 -0.965369
28.9036 -7.72745 -0.962421
29.5859 -8.59591 -0.829481
30.3337 -9.33716 -0.72131
31.1635 -10.0389 -0.767538
31.9504 -10.7988 -0.778757
32.762 -11.5744 -0.807691
33.5688 -12.2706 -0.497819
34.5874 -12.3959 0.180387
35.4423 -11.7991 0.788492
35.1773 -10.8283 1.93101
34.708 -9.92948 2.14404
33.964 -9.06376 2.32206
33.171 -8.3665 2.47806
32.2962 -7.68761 2.47409
31.4143 -6.99547 2.45581
30.5633 -6.27806 2.42537
29.7136 -5.52973 2.40351
28.9427 -4.79133 2.38599
28.1983 -4.04171 2.37276
27.4323 -3.36348 2.47351
26.6349 -2.66738 2.42999
25.7003 -1.80074 2.44512
24.7735 -1.37538 2.91802
23.5333 -1.2411 3.04311
22.5114 -1.1583 3.02205
21.2636 -1.00969 2.9937
20.185 -0.849038 2.9353
19.0736 -0.726247 3.04678
17.9932 -0.634062 3.04705
16.9717 -0.544818 3.01472
15.9189 -0.373317 2.96702
14.9106 -0.224481 2.9269
13.9162 -0.0046744 2.89844
12.8773 0.234628 2.86373
11.8934 0.506462 2.8353
10.6639 0.678976 3.03351
9.4162 0.815133 2.989
8.40932 0.902409 3.0907
7.39415 0.892593 3.09181
6.27463 1.07656 2.89282
5.28192 1.33613 2.85043
4.17403 1.49491 2.92955
2.96912 1.48754 -2.82257
2.06552 0.78815 -2.10987
1.93041 -0.264919 -1.49883
