0.440101 0.1587 0.0171858
0.440101 0.1587 0.0171858
0.963675 0.213683 -0.0223772
2.33178 0.249349 -0.0379493
2.87444 0.263745 -0.00911926
3.14538 0.274772 -0.00570302
3.68088 0.292858 -0.0261977
4.40095 0.287316 -0.025915
4.88078 0.293346 -0.0377558
5.35289 0.278315 -0.0435766
5.83014 0.262815 -0.073254
6.29578 0.249511 -0.072052
6.51238 0.239912 -0.0822105
6.95641 0.203206 -0.0588643
7.41257 0.184339 -0.0827288
7.6316 0.167052 -0.0829369
7.86025 0.134542 -0.0928616
8.30817 0.0878369 -0.122448
8.81808 0.0137526 -0.142674
8.81808 0.0137526 -0.142674
9.33976 0.0412716 0.111031
9.59761 0.102895 0.267213
9.88416 0.201167 0.434288
10.1256 0.361851 0.632102
10.4892 0.82147 1.04737
10.6482 1.35067 1.39287
10.7242 1.84885 1.42379
10.7705 2.0859 1.48426
10.7195 2.59729 1.80223
10.4766 3.38297 2.00851
10.3295 3.64329 2.2063
9.8278 4.08076 2.59393
9.3017 4.31941 2.69784
8.58386 4.65318 2.69976
7.85903 4.86725 2.89568
7.36971 4.9219 3.03454
6.85873 4.94699 3.04653
4.1563 5.32006 2.9546
3.93552 5.35304 2.94316
3.20295 5.48663 2.95826
2.74441 5.53512 -3.10705
1.9604 5.28805 -2.57986
1.32407 4.11457 -1.70008
1.30709 3.87295 -1.66334
1.19915 2.82453 -1.67899
0.907618 1.10695 -1.74964
